2.529359915562467722e+04
1.643154567706820444e+03
1.176644308826595307e+03
9.800091525914236854e+02
8.759961615578858982e+02
8.298993914104431724e+02
7.523262874207980531e+02
7.318727555347996940e+02
7.073183851764888459e+02
7.097048628482594950e+02
6.565424717328635325e+02
6.452213454415255001e+02
6.512019891155625828e+02
6.337890761292721891e+02
6.019048067606451013e+02
6.119933449275846442e+02
6.183193914345555413e+02
5.699555686143984303e+02
5.878811802882711390e+02
5.542746355671861238e+02
