2.452910856247875199e+04
1.614712623603444399e+03
1.086653904282330132e+03
9.607472758540460518e+02
8.361267801866846412e+02
8.113179353266920089e+02
7.765830672036333908e+02
6.937565976476623746e+02
7.588075159414776181e+02
6.812930533043545438e+02
6.980464621890720309e+02
6.399846932634929999e+02
6.438329002998491433e+02
6.068409217325953477e+02
6.004870554794161990e+02
6.040303525891439449e+02
6.077696279056525555e+02
5.590558872047618024e+02
5.644979197178872710e+02
5.309008877033843419e+02
5.708282559931661808e+02
5.557509500453776354e+02
5.443970818064766490e+02
5.538651155991805126e+02
5.185096200999606708e+02
